   0.00000000e+00  -7.94411963e-04  -2.49588121e-03
  -7.94411963e-04   0.00000000e+00  -1.65747681e-03
  -2.49588121e-03  -1.65747681e-03   0.00000000e+00
   0.00000000e+00  -2.11843190e-03  -6.65568322e-03
  -2.11843190e-03   0.00000000e+00  -4.41993816e-03
  -6.65568322e-03  -4.41993816e-03   0.00000000e+00
   0.00000000e+00  -3.93252257e-03  -1.23551880e-02
  -3.93252257e-03   0.00000000e+00  -8.20489276e-03
  -1.23551880e-02  -8.20489276e-03   0.00000000e+00
   0.00000000e+00  -6.19714671e-03  -1.94701776e-02
  -6.19714671e-03   0.00000000e+00  -1.29298493e-02
  -1.94701776e-02  -1.29298493e-02   0.00000000e+00
   0.00000000e+00  -8.79265245e-03  -2.76247300e-02
  -8.79265245e-03   0.00000000e+00  -1.83451637e-02
  -2.76247300e-02  -1.83451637e-02   0.00000000e+00
   0.00000000e+00  -1.14333451e-02  -3.59212507e-02
  -1.14333451e-02   0.00000000e+00  -2.38547571e-02
  -3.59212507e-02  -2.38547571e-02   0.00000000e+00
   0.00000000e+00  -1.35961175e-02  -4.27162427e-02
  -1.35961175e-02   0.00000000e+00  -2.83672082e-02
  -4.27162427e-02  -2.83672082e-02   0.00000000e+00
   0.00000000e+00  -1.45007368e-02  -4.55583728e-02
  -1.45007368e-02   0.00000000e+00  -3.02546236e-02
  -4.55583728e-02  -3.02546236e-02   0.00000000e+00
   0.00000000e+00  -1.31873242e-02  -4.14318969e-02
  -1.31873242e-02   0.00000000e+00  -2.75142936e-02
  -4.14318969e-02  -2.75142936e-02   0.00000000e+00
   0.00000000e+00  -8.72886074e-03  -2.74243094e-02
  -8.72886074e-03   0.00000000e+00  -1.82120675e-02
  -2.74243094e-02  -1.82120675e-02   0.00000000e+00
   0.00000000e+00  -5.90266735e-04  -1.85449832e-03
  -5.90266735e-04   0.00000000e+00  -1.23154418e-03
  -1.85449832e-03  -1.23154418e-03   0.00000000e+00
   0.00000000e+00   1.08942552e-02   3.42275396e-02
   1.08942552e-02   0.00000000e+00   2.27299893e-02
   3.42275396e-02   2.27299893e-02   0.00000000e+00
   0.00000000e+00   2.39955852e-02   7.53892602e-02
   2.39955852e-02   0.00000000e+00   5.00648630e-02
   7.53892602e-02   5.00648630e-02   0.00000000e+00
   0.00000000e+00   3.51142325e-02   1.10321794e-01
   3.51142325e-02   0.00000000e+00   7.32630283e-02
   1.10321794e-01   7.32630283e-02   0.00000000e+00
   0.00000000e+00   3.84561449e-02   1.20821405e-01
   3.84561449e-02   0.00000000e+00   8.02356603e-02
   1.20821405e-01   8.02356603e-02   0.00000000e+00
   0.00000000e+00   2.59325338e-02   8.14747598e-02
   2.59325338e-02   0.00000000e+00   5.41061508e-02
   8.14747598e-02   5.41061508e-02   0.00000000e+00
   0.00000000e+00  -1.26968212e-02  -3.98908362e-02
  -1.26968212e-02   0.00000000e+00  -2.64908986e-02
  -3.98908362e-02  -2.64908986e-02   0.00000000e+00
   0.00000000e+00  -8.94791270e-02  -2.81125262e-01
  -8.94791270e-02   0.00000000e+00  -1.86691018e-01
  -2.81125262e-01  -1.86691018e-01   0.00000000e+00
   0.00000000e+00  -2.17813477e-01  -6.84325752e-01
  -2.17813477e-01   0.00000000e+00  -4.54450341e-01
  -6.84325752e-01  -4.54450341e-01   0.00000000e+00
   0.00000000e+00  -4.11990109e-01  -1.29438933e+00
  -4.11990109e-01   0.00000000e+00  -8.59584300e-01
  -1.29438933e+00  -8.59584300e-01   0.00000000e+00
   0.00000000e+00  -6.86800352e-01  -2.15778736e+00
  -6.86800352e-01   0.00000000e+00  -1.43295382e+00
  -2.15778736e+00  -1.43295382e+00   0.00000000e+00
   0.00000000e+00  -1.05722802e+00  -3.32159593e+00
  -1.05722802e+00   0.00000000e+00  -2.20582142e+00
  -3.32159593e+00  -2.20582142e+00   0.00000000e+00
   0.00000000e+00  -1.53815251e+00  -4.83256312e+00
  -1.53815251e+00   0.00000000e+00  -3.20923179e+00
  -4.83256312e+00  -3.20923179e+00   0.00000000e+00
   0.00000000e+00  -2.14393025e+00  -6.73579386e+00
  -2.14393025e+00   0.00000000e+00  -4.47313843e+00
  -6.73579386e+00  -4.47313843e+00   0.00000000e+00
   0.00000000e+00  -2.88770432e+00  -9.07258110e+00
  -2.88770432e+00   0.00000000e+00  -6.02496334e+00
  -9.07258110e+00  -6.02496334e+00   0.00000000e+00
   0.00000000e+00  -3.78033959e+00  -1.18770600e+01
  -3.78033959e+00   0.00000000e+00  -7.88737518e+00
  -1.18770600e+01  -7.88737518e+00   0.00000000e+00
   0.00000000e+00  -4.82898642e+00  -1.51716956e+01
  -4.82898642e+00   0.00000000e+00  -1.00752927e+01
  -1.51716956e+01  -1.00752927e+01   0.00000000e+00
   0.00000000e+00  -6.03541234e+00  -1.89620410e+01
  -6.03541234e+00   0.00000000e+00  -1.25924035e+01
  -1.89620410e+01  -1.25924035e+01   0.00000000e+00
   0.00000000e+00  -7.39436063e+00  -2.32315808e+01
  -7.39436063e+00   0.00000000e+00  -1.54277401e+01
  -2.32315808e+01  -1.54277401e+01   0.00000000e+00
   0.00000000e+00  -8.89225149e+00  -2.79376500e+01
  -8.89225149e+00   0.00000000e+00  -1.85529692e+01
  -2.79376500e+01  -1.85529692e+01   0.00000000e+00
   0.00000000e+00  -1.05065009e+01  -3.30092940e+01
  -1.05065009e+01   0.00000000e+00  -2.19209709e+01
  -3.30092940e+01  -2.19209709e+01   0.00000000e+00
   0.00000000e+00  -1.22055925e+01  -3.83474953e+01
  -1.22055925e+01   0.00000000e+00  -2.54659893e+01
  -3.83474953e+01  -2.54659893e+01   0.00000000e+00
   0.00000000e+00  -1.39498345e+01  -4.38275496e+01
  -1.39498345e+01   0.00000000e+00  -2.91052102e+01
  -4.38275496e+01  -2.91052102e+01   0.00000000e+00
   0.00000000e+00  -1.56925263e+01  -4.93027338e+01
  -1.56925263e+01   0.00000000e+00  -3.27411969e+01
  -4.93027338e+01  -3.27411969e+01   0.00000000e+00
   0.00000000e+00  -1.73811362e+01  -5.46080034e+01
  -1.73811362e+01   0.00000000e+00  -3.62643459e+01
  -5.46080034e+01  -3.62643459e+01   0.00000000e+00
   0.00000000e+00  -1.89581002e+01  -5.95625042e+01
  -1.89581002e+01   0.00000000e+00  -3.95545546e+01
  -5.95625042e+01  -3.95545546e+01   0.00000000e+00
   0.00000000e+00  -2.03610339e+01  -6.39702374e+01
  -2.03610339e+01   0.00000000e+00  -4.24816633e+01
  -6.39702374e+01  -4.24816633e+01   0.00000000e+00
   0.00000000e+00  -2.15224582e+01  -6.76191969e+01
  -2.15224582e+01   0.00000000e+00  -4.49048819e+01
  -6.76191969e+01  -4.49048819e+01   0.00000000e+00
   0.00000000e+00  -2.23694920e+01  -7.02804051e+01
  -2.23694920e+01   0.00000000e+00  -4.66721499e+01
  -7.02804051e+01  -4.66721499e+01   0.00000000e+00
   0.00000000e+00  -2.28242419e+01  -7.17091373e+01
  -2.28242419e+01   0.00000000e+00  -4.76209492e+01
  -7.17091373e+01  -4.76209492e+01   0.00000000e+00
   0.00000000e+00  -2.28056897e+01  -7.16508501e+01
  -2.28056897e+01   0.00000000e+00  -4.75822415e+01
  -7.16508501e+01  -4.75822415e+01   0.00000000e+00
   0.00000000e+00  -2.22336717e+01  -6.98536853e+01
  -2.22336717e+01   0.00000000e+00  -4.63887717e+01
  -6.98536853e+01  -4.63887717e+01   0.00000000e+00
   0.00000000e+00  -2.10350664e+01  -6.60879106e+01
  -2.10350664e+01   0.00000000e+00  -4.38879779e+01
  -6.60879106e+01  -4.38879779e+01   0.00000000e+00
   0.00000000e+00  -1.91516477e+01  -6.01705915e+01
  -1.91516477e+01   0.00000000e+00  -3.99583762e+01
  -6.01705915e+01  -3.99583762e+01   0.00000000e+00
   0.00000000e+00  -1.65484035e+01  -5.19917262e+01
  -1.65484035e+01   0.00000000e+00  -3.45269159e+01
  -5.19917262e+01  -3.45269159e+01   0.00000000e+00
   0.00000000e+00  -1.32206725e+01  -4.15366706e+01
  -1.32206725e+01   0.00000000e+00  -2.75838722e+01
  -4.15366706e+01  -2.75838722e+01   0.00000000e+00
   0.00000000e+00  -9.19840319e+00  -2.88995165e+01
  -9.19840319e+00   0.00000000e+00  -1.91917301e+01
  -2.88995165e+01  -1.91917301e+01   0.00000000e+00
   0.00000000e+00  -4.54626318e+00  -1.42834365e+01
  -4.54626318e+00   0.00000000e+00  -9.48541331e+00
  -1.42834365e+01  -9.48541331e+00   0.00000000e+00
   0.00000000e+00   6.40805687e-01   2.01328146e+00
   6.40805687e-01   0.00000000e+00   1.33698964e+00
   2.01328146e+00   1.33698964e+00   0.00000000e+00
   0.00000000e+00   6.24589537e+00   1.96233360e+01
   6.24589537e+00   0.00000000e+00   1.30315595e+01
   1.96233360e+01   1.30315595e+01   0.00000000e+00
   0.00000000e+00   1.21405830e+01   3.81432485e+01
   1.21405830e+01   0.00000000e+00   2.53303522e+01
   3.81432485e+01   2.53303522e+01   0.00000000e+00
   0.00000000e+00   1.81951752e+01   5.71655490e+01
   1.81951752e+01   0.00000000e+00   3.79627730e+01
   5.71655490e+01   3.79627730e+01   0.00000000e+00
   0.00000000e+00   2.42864115e+01   7.63029775e+01
   2.42864115e+01   0.00000000e+00   5.06716487e+01
   7.63029775e+01   5.06716487e+01   0.00000000e+00
   0.00000000e+00   3.03010270e+01   9.51996788e+01
   3.03010270e+01   0.00000000e+00   6.32206612e+01
   9.51996788e+01   6.32206612e+01   0.00000000e+00
   0.00000000e+00   3.61348797e+01   1.13528461e+02
   3.61348797e+01   0.00000000e+00   7.53925268e+01
   1.13528461e+02   7.53925268e+01   0.00000000e+00
   0.00000000e+00   4.16888610e+01   1.30977943e+02
   4.16888610e+01   0.00000000e+00   8.69804632e+01
   1.30977943e+02   8.69804632e+01   0.00000000e+00
   0.00000000e+00   4.68640595e+01   1.47237367e+02
   4.68640595e+01   0.00000000e+00   9.77780995e+01
   1.47237367e+02   9.77780995e+01   0.00000000e+00
   0.00000000e+00   5.15591983e+01   1.61988540e+02
   5.15591983e+01   0.00000000e+00   1.07574130e+02
   1.61988540e+02   1.07574130e+02   0.00000000e+00
   0.00000000e+00   5.56729298e+01   1.74913050e+02
   5.56729298e+01   0.00000000e+00   1.16157100e+02
   1.74913050e+02   1.16157100e+02   0.00000000e+00
   0.00000000e+00   5.91121784e+01   1.85718471e+02
   5.91121784e+01   0.00000000e+00   1.23332817e+02
   1.85718471e+02   1.23332817e+02   0.00000000e+00
   0.00000000e+00   6.18056877e+01   1.94180931e+02
   6.18056877e+01   0.00000000e+00   1.28952608e+02
   1.94180931e+02   1.28952608e+02   0.00000000e+00
   0.00000000e+00   6.37198528e+01   2.00194849e+02
   6.37198528e+01   0.00000000e+00   1.32946360e+02
   2.00194849e+02   1.32946360e+02   0.00000000e+00
   0.00000000e+00   6.48724594e+01   2.03816105e+02
   6.48724594e+01   0.00000000e+00   1.35351181e+02
   2.03816105e+02   1.35351181e+02   0.00000000e+00
   0.00000000e+00   6.53397005e+01   2.05284082e+02
   6.53397005e+01   0.00000000e+00   1.36326042e+02
   2.05284082e+02   1.36326042e+02   0.00000000e+00
   0.00000000e+00   6.52530458e+01   2.05011831e+02
   6.52530458e+01   0.00000000e+00   1.36145244e+02
   2.05011831e+02   1.36145244e+02   0.00000000e+00
   0.00000000e+00   6.47850525e+01   2.03541491e+02
   6.47850525e+01   0.00000000e+00   1.35168813e+02
   2.03541491e+02   1.35168813e+02   0.00000000e+00
   0.00000000e+00   6.41264212e+01   2.01472205e+02
   6.41264212e+01   0.00000000e+00   1.33794632e+02
   2.01472205e+02   1.33794632e+02   0.00000000e+00
   0.00000000e+00   6.34596027e+01   1.99377196e+02
   6.34596027e+01   0.00000000e+00   1.32403369e+02
   1.99377196e+02   1.32403369e+02   0.00000000e+00
   0.00000000e+00   6.29360831e+01   1.97732404e+02
   6.29360831e+01   0.00000000e+00   1.31311087e+02
   1.97732404e+02   1.31311087e+02   0.00000000e+00
   0.00000000e+00   6.26643418e+01   1.96878648e+02
   6.26643418e+01   0.00000000e+00   1.30744121e+02
   1.96878648e+02   1.30744121e+02   0.00000000e+00
   0.00000000e+00   6.27131517e+01   1.97031999e+02
   6.27131517e+01   0.00000000e+00   1.30845958e+02
   1.97031999e+02   1.30845958e+02   0.00000000e+00
   0.00000000e+00   6.31307371e+01   1.98343967e+02
   6.31307371e+01   0.00000000e+00   1.31717217e+02
   1.98343967e+02   1.31717217e+02   0.00000000e+00
   0.00000000e+00   6.39753345e+01   2.00997521e+02
   6.39753345e+01   0.00000000e+00   1.33479402e+02
   2.00997521e+02   1.33479402e+02   0.00000000e+00
   0.00000000e+00   6.53482958e+01   2.05311087e+02
   6.53482958e+01   0.00000000e+00   1.36343975e+02
   2.05311087e+02   1.36343975e+02   0.00000000e+00
   0.00000000e+00   6.74184728e+01   2.11815163e+02
   6.74184728e+01   0.00000000e+00   1.40663233e+02
   2.11815163e+02   1.40663233e+02   0.00000000e+00
   0.00000000e+00   7.04272397e+01   2.21268098e+02
   7.04272397e+01   0.00000000e+00   1.46940784e+02
   2.21268098e+02   1.46940784e+02   0.00000000e+00
   0.00000000e+00   7.46674325e+01   2.34589923e+02
   7.46674325e+01   0.00000000e+00   1.55787606e+02
   2.34589923e+02   1.55787606e+02   0.00000000e+00
   0.00000000e+00   8.04360130e+01   2.52713633e+02
   8.04360130e+01   0.00000000e+00   1.67823286e+02
   2.52713633e+02   1.67823286e+02   0.00000000e+00
   0.00000000e+00   8.79678702e+01   2.76377200e+02
   8.79678702e+01   0.00000000e+00   1.83537902e+02
   2.76377200e+02   1.83537902e+02   0.00000000e+00
   0.00000000e+00   9.73647796e+01   3.05900383e+02
   9.73647796e+01   0.00000000e+00   2.03143799e+02
   3.05900383e+02   2.03143799e+02   0.00000000e+00
   0.00000000e+00   1.08537126e+02   3.41001630e+02
   1.08537126e+02   0.00000000e+00   2.26454005e+02
   3.41001630e+02   2.26454005e+02   0.00000000e+00
   0.00000000e+00   1.21175149e+02   3.80707732e+02
   1.21175149e+02   0.00000000e+00   2.52822224e+02
   3.80707732e+02   2.52822224e+02   0.00000000e+00
   0.00000000e+00   1.34760862e+02   4.23391286e+02
   1.34760862e+02   0.00000000e+00   2.81167724e+02
   4.23391286e+02   2.81167724e+02   0.00000000e+00
   0.00000000e+00   1.48622527e+02   4.66941824e+02
   1.48622527e+02   0.00000000e+00   3.10088975e+02
   4.66941824e+02   3.10088975e+02   0.00000000e+00
   0.00000000e+00   1.62022731e+02   5.09042546e+02
   1.62022731e+02   0.00000000e+00   3.38047425e+02
   5.09042546e+02   3.38047425e+02   0.00000000e+00
   0.00000000e+00   1.74261782e+02   5.47495163e+02
   1.74261782e+02   0.00000000e+00   3.63583224e+02
   5.47495163e+02   3.63583224e+02   0.00000000e+00
   0.00000000e+00   1.84772960e+02   5.80519152e+02
   1.84772960e+02   0.00000000e+00   3.85513954e+02
   5.80519152e+02   3.85513954e+02   0.00000000e+00
   0.00000000e+00   1.93186992e+02   6.06954332e+02
   1.93186992e+02   0.00000000e+00   4.03069155e+02
   6.06954332e+02   4.03069155e+02   0.00000000e+00
   0.00000000e+00   1.99350157e+02   6.26317748e+02
   1.99350157e+02   0.00000000e+00   4.15928106e+02
   6.26317748e+02   4.15928106e+02   0.00000000e+00
   0.00000000e+00   2.03292047e+02   6.38702365e+02
   2.03292047e+02   0.00000000e+00   4.24152542e+02
   6.38702365e+02   4.24152542e+02   0.00000000e+00
   0.00000000e+00   2.05152168e+02   6.44546487e+02
   2.05152168e+02   0.00000000e+00   4.28033535e+02
   6.44546487e+02   4.28033535e+02   0.00000000e+00
   0.00000000e+00   2.05085772e+02   6.44337886e+02
   2.05085772e+02   0.00000000e+00   4.27895006e+02
   6.44337886e+02   4.27895006e+02   0.00000000e+00
   0.00000000e+00   2.03175147e+02   6.38335089e+02
   2.03175147e+02   0.00000000e+00   4.23908640e+02
   6.38335089e+02   4.23908640e+02   0.00000000e+00
   0.00000000e+00   1.99371332e+02   6.26384273e+02
   1.99371332e+02   0.00000000e+00   4.15972285e+02
   6.26384273e+02   4.15972285e+02   0.00000000e+00
   0.00000000e+00   1.93482913e+02   6.07884057e+02
   1.93482913e+02   0.00000000e+00   4.03686572e+02
   6.07884057e+02   4.03686572e+02   0.00000000e+00
   0.00000000e+00   1.85215296e+02   5.81908880e+02
   1.85215296e+02   0.00000000e+00   3.86436851e+02
   5.81908880e+02   3.86436851e+02   0.00000000e+00
   0.00000000e+00   1.74249382e+02   5.47456205e+02
   1.74249382e+02   0.00000000e+00   3.63557353e+02
   5.47456205e+02   3.63557353e+02   0.00000000e+00
   0.00000000e+00   1.60337108e+02   5.03746663e+02
   1.60337108e+02   0.00000000e+00   3.34530510e+02
   5.03746663e+02   3.34530510e+02   0.00000000e+00
   0.00000000e+00   1.43386236e+02   4.50490463e+02
   1.43386236e+02   0.00000000e+00   2.99163876e+02
   4.50490463e+02   2.99163876e+02   0.00000000e+00
   0.00000000e+00   1.23509991e+02   3.88043331e+02
   1.23509991e+02   0.00000000e+00   2.57693684e+02
   3.88043331e+02   2.57693684e+02   0.00000000e+00
   0.00000000e+00   1.01027791e+02   3.17408821e+02
   1.01027791e+02   0.00000000e+00   2.10786378e+02
   3.17408821e+02   2.10786378e+02   0.00000000e+00
   0.00000000e+00   7.64186125e+01   2.40091776e+02
   7.64186125e+01   0.00000000e+00   1.59441303e+02
   2.40091776e+02   1.59441303e+02   0.00000000e+00
   0.00000000e+00   5.02437719e+01   1.57855737e+02
   5.02437719e+01   0.00000000e+00   1.04829598e+02
   1.57855737e+02   1.04829598e+02   0.00000000e+00
   0.00000000e+00   2.30663767e+01   7.24698757e+01
   2.30663767e+01   0.00000000e+00   4.81261441e+01
   7.24698757e+01   4.81261441e+01   0.00000000e+00
   0.00000000e+00  -4.60341811e+00  -1.44630057e+01
  -4.60341811e+00   0.00000000e+00  -9.60466247e+00
  -1.44630057e+01  -9.60466247e+00   0.00000000e+00
   0.00000000e+00  -3.23161670e+01  -1.01530840e+02
  -3.23161670e+01   0.00000000e+00  -6.74250892e+01
  -1.01530840e+02  -6.74250892e+01   0.00000000e+00
   0.00000000e+00  -5.96387937e+01  -1.87372990e+02
  -5.96387937e+01   0.00000000e+00  -1.24431557e+02
  -1.87372990e+02  -1.24431557e+02   0.00000000e+00
   0.00000000e+00  -8.60727613e+01  -2.70423153e+02
  -8.60727613e+01   0.00000000e+00  -1.79583909e+02
  -2.70423153e+02  -1.79583909e+02   0.00000000e+00
  -0.00000000e+00  -1.10966571e+02  -3.48634453e+02
  -1.10966571e+02  -0.00000000e+00  -2.31522847e+02
  -3.48634453e+02  -2.31522847e+02  -0.00000000e+00
  -0.00000000e+00  -1.33463119e+02  -4.19314043e+02
  -1.33463119e+02  -0.00000000e+00  -2.78460089e+02
  -4.19314043e+02  -2.78460089e+02  -0.00000000e+00
  -0.00000000e+00  -1.52518617e+02  -4.79182549e+02
  -1.52518617e+02  -0.00000000e+00  -3.18217855e+02
  -4.79182549e+02  -3.18217855e+02  -0.00000000e+00
  -0.00000000e+00  -1.67012913e+02  -5.24720686e+02
  -1.67012913e+02  -0.00000000e+00  -3.48459040e+02
  -5.24720686e+02  -3.48459040e+02  -0.00000000e+00
  -0.00000000e+00  -1.75944584e+02  -5.52782187e+02
  -1.75944584e+02  -0.00000000e+00  -3.67094256e+02
  -5.52782187e+02  -3.67094256e+02  -0.00000000e+00
   0.00000000e+00  -1.78674940e+02  -5.61360411e+02
  -1.78674940e+02   0.00000000e+00  -3.72790925e+02
  -5.61360411e+02  -3.72790925e+02   0.00000000e+00
   0.00000000e+00  -1.75161680e+02  -5.50322461e+02
  -1.75161680e+02   0.00000000e+00  -3.65460790e+02
  -5.50322461e+02  -3.65460790e+02   0.00000000e+00
   0.00000000e+00  -1.66113270e+02  -5.21894191e+02
  -1.66113270e+02   0.00000000e+00  -3.46582007e+02
  -5.21894191e+02  -3.46582007e+02   0.00000000e+00
   0.00000000e+00  -1.53004089e+02  -4.80707804e+02
  -1.53004089e+02   0.00000000e+00  -3.19230753e+02
  -4.80707804e+02  -3.19230753e+02   0.00000000e+00
   0.00000000e+00  -1.37918237e+02  -4.33311118e+02
  -1.37918237e+02   0.00000000e+00  -2.87755334e+02
  -4.33311118e+02  -2.87755334e+02   0.00000000e+00
   0.00000000e+00  -1.23231155e+02  -3.87167285e+02
  -1.23231155e+02   0.00000000e+00  -2.57111915e+02
  -3.87167285e+02  -2.57111915e+02   0.00000000e+00
   0.00000000e+00  -1.11182935e+02  -3.49314224e+02
  -1.11182935e+02   0.00000000e+00  -2.31974272e+02
  -3.49314224e+02  -2.31974272e+02   0.00000000e+00
   0.00000000e+00  -1.03433049e+02  -3.24965653e+02
  -1.03433049e+02   0.00000000e+00  -2.15804756e+02
  -3.24965653e+02  -2.15804756e+02   0.00000000e+00
   0.00000000e+00  -1.00702205e+02  -3.16385897e+02
  -1.00702205e+02   0.00000000e+00  -2.10107070e+02
  -3.16385897e+02  -2.10107070e+02   0.00000000e+00
   0.00000000e+00  -1.02596902e+02  -3.22338649e+02
  -1.02596902e+02   0.00000000e+00  -2.14060202e+02
  -3.22338649e+02  -2.14060202e+02   0.00000000e+00
   0.00000000e+00  -1.07676236e+02  -3.38296888e+02
  -1.07676236e+02   0.00000000e+00  -2.24657826e+02
  -3.38296888e+02  -2.24657826e+02   0.00000000e+00
   0.00000000e+00  -1.13766201e+02  -3.57430321e+02
  -1.13766201e+02   0.00000000e+00  -2.37364049e+02
  -3.57430321e+02  -2.37364049e+02   0.00000000e+00
   0.00000000e+00  -1.18466453e+02  -3.72197561e+02
  -1.18466453e+02   0.00000000e+00  -2.47170749e+02
  -3.72197561e+02  -2.47170749e+02   0.00000000e+00
   0.00000000e+00  -1.19743437e+02  -3.76209585e+02
  -1.19743437e+02   0.00000000e+00  -2.49835073e+02
  -3.76209585e+02  -2.49835073e+02   0.00000000e+00
   0.00000000e+00  -1.16475322e+02  -3.65941831e+02
  -1.16475322e+02   0.00000000e+00  -2.43016413e+02
  -3.65941831e+02  -2.43016413e+02   0.00000000e+00
   0.00000000e+00  -1.08817260e+02  -3.41881753e+02
  -1.08817260e+02   0.00000000e+00  -2.27038481e+02
  -3.41881753e+02  -2.27038481e+02   0.00000000e+00
   0.00000000e+00  -9.82909542e+01  -3.08810236e+02
  -9.82909542e+01   0.00000000e+00  -2.05076188e+02
  -3.08810236e+02  -2.05076188e+02   0.00000000e+00
   0.00000000e+00  -8.75630095e+01  -2.75105210e+02
  -8.75630095e+01   0.00000000e+00  -1.82693193e+02
  -2.75105210e+02  -1.82693193e+02   0.00000000e+00
   0.00000000e+00  -7.99476018e+01  -2.51179144e+02
  -7.99476018e+01   0.00000000e+00  -1.66804256e+02
  -2.51179144e+02  -1.66804256e+02   0.00000000e+00
   0.00000000e+00  -7.87333951e+01  -2.47364353e+02
  -7.87333951e+01   0.00000000e+00  -1.64270911e+02
  -2.47364353e+02  -1.64270911e+02   0.00000000e+00
   0.00000000e+00  -8.64767999e+01  -2.71692560e+02
  -8.64767999e+01   0.00000000e+00  -1.80426904e+02
  -2.71692560e+02  -1.80426904e+02   0.00000000e+00
   0.00000000e+00  -1.04413725e+02  -3.28046739e+02
  -1.04413725e+02   0.00000000e+00  -2.17850858e+02
  -3.28046739e+02  -2.17850858e+02   0.00000000e+00
   0.00000000e+00  -1.32117643e+02  -4.15086830e+02
  -1.32117643e+02   0.00000000e+00  -2.75652861e+02
  -4.15086830e+02  -2.75652861e+02   0.00000000e+00
   0.00000000e+00  -1.67478680e+02  -5.26184031e+02
  -1.67478680e+02   0.00000000e+00  -3.49430825e+02
  -5.26184031e+02  -3.49430825e+02   0.00000000e+00
   0.00000000e+00  -2.07008700e+02  -6.50379334e+02
  -2.07008700e+02   0.00000000e+00  -4.31907040e+02
  -6.50379334e+02  -4.31907040e+02   0.00000000e+00
   0.00000000e+00  -2.46407291e+02  -7.74161716e+02
  -2.46407291e+02   0.00000000e+00  -5.14109040e+02
  -7.74161716e+02  -5.14109040e+02   0.00000000e+00
   0.00000000e+00  -2.81269491e+02  -8.83691672e+02
  -2.81269491e+02   0.00000000e+00  -5.86846221e+02
  -8.83691672e+02  -5.86846221e+02   0.00000000e+00
   0.00000000e+00  -3.07790506e+02  -9.67015321e+02
  -3.07790506e+02   0.00000000e+00  -6.42180191e+02
  -9.67015321e+02  -6.42180191e+02   0.00000000e+00
   0.00000000e+00  -3.23330433e+02  -1.01583862e+03
  -3.23330433e+02   0.00000000e+00  -6.74603003e+02
  -1.01583862e+03  -6.74603003e+02   0.00000000e+00
   0.00000000e+00  -3.26739317e+02  -1.02654864e+03
  -3.26739317e+02   0.00000000e+00  -6.81715364e+02
  -1.02654864e+03  -6.81715364e+02   0.00000000e+00
   0.00000000e+00  -3.18399086e+02  -1.00034533e+03
  -3.18399086e+02   0.00000000e+00  -6.64314143e+02
  -1.00034533e+03  -6.64314143e+02   0.00000000e+00
   0.00000000e+00  -2.99999452e+02  -9.42537412e+02
  -2.99999452e+02   0.00000000e+00  -6.25924784e+02
  -9.42537412e+02  -6.25924784e+02   0.00000000e+00
   0.00000000e+00  -2.74115701e+02  -8.61215917e+02
  -2.74115701e+02   0.00000000e+00  -5.71920413e+02
  -8.61215917e+02  -5.71920413e+02   0.00000000e+00
   0.00000000e+00  -2.43687331e+02  -7.65616153e+02
  -2.43687331e+02   0.00000000e+00  -5.08434062e+02
  -7.65616153e+02  -5.08434062e+02   0.00000000e+00
   0.00000000e+00  -2.11503175e+02  -6.64500064e+02
  -2.11503175e+02   0.00000000e+00  -4.41284403e+02
  -6.64500064e+02  -4.41284403e+02   0.00000000e+00
   0.00000000e+00  -1.79782825e+02  -5.64841160e+02
  -1.79782825e+02   0.00000000e+00  -3.75102438e+02
  -5.64841160e+02  -3.75102438e+02   0.00000000e+00
   0.00000000e+00  -1.49912804e+02  -4.70995615e+02
  -1.49912804e+02   0.00000000e+00  -3.12781036e+02
  -4.70995615e+02  -3.12781036e+02   0.00000000e+00
   0.00000000e+00  -1.22358693e+02  -3.84426187e+02
  -1.22358693e+02   0.00000000e+00  -2.55291594e+02
  -3.84426187e+02  -2.55291594e+02   0.00000000e+00
   0.00000000e+00  -9.67410153e+01  -3.03940642e+02
  -9.67410153e+01   0.00000000e+00  -2.01842365e+02
  -3.03940642e+02  -2.01842365e+02   0.00000000e+00
   0.00000000e+00  -7.20398699e+01  -2.26334655e+02
  -7.20398699e+01   0.00000000e+00  -1.50305408e+02
  -2.26334655e+02  -1.50305408e+02   0.00000000e+00
   0.00000000e+00  -4.68832319e+01  -1.47297602e+02
  -4.68832319e+01   0.00000000e+00  -9.78181011e+01
  -1.47297602e+02  -9.78181011e+01   0.00000000e+00
   0.00000000e+00  -1.98743639e+01  -6.24412190e+01
  -1.98743639e+01   0.00000000e+00  -4.14662654e+01
  -6.24412190e+01  -4.14662654e+01   0.00000000e+00
   0.00000000e+00   1.00803121e+01   3.16702953e+01
   1.00803121e+01   0.00000000e+00   2.10317622e+01
   3.16702953e+01   2.10317622e+01   0.00000000e+00
   0.00000000e+00   4.34755203e+01   1.36591264e+02
   4.34755203e+01   0.00000000e+00   9.07081843e+01
   1.36591264e+02   9.07081843e+01   0.00000000e+00
   0.00000000e+00   7.99734466e+01   2.51260343e+02
   7.99734466e+01   0.00000000e+00   1.66858179e+02
   2.51260343e+02   1.66858179e+02   0.00000000e+00
   0.00000000e+00   1.18262126e+02   3.71555604e+02
   1.18262126e+02   0.00000000e+00   2.46744435e+02
   3.71555604e+02   2.46744435e+02   0.00000000e+00
   0.00000000e+00   1.56035917e+02   4.90233194e+02
   1.56035917e+02   0.00000000e+00   3.25556420e+02
   4.90233194e+02   3.25556420e+02   0.00000000e+00
   0.00000000e+00   1.90122944e+02   5.97327715e+02
   1.90122944e+02   0.00000000e+00   3.96676266e+02
   5.97327715e+02   3.96676266e+02   0.00000000e+00
   0.00000000e+00   2.16770161e+02   6.81047865e+02
   2.16770161e+02   0.00000000e+00   4.52273546e+02
   6.81047865e+02   4.52273546e+02   0.00000000e+00
   0.00000000e+00   2.32072595e+02   7.29125009e+02
   2.32072595e+02   0.00000000e+00   4.84200847e+02
   7.29125009e+02   4.84200847e+02   0.00000000e+00
   0.00000000e+00   2.32502466e+02   7.30475575e+02
   2.32502466e+02   0.00000000e+00   4.85097738e+02
   7.30475575e+02   4.85097738e+02   0.00000000e+00
   0.00000000e+00   2.15463513e+02   6.76942643e+02
   2.15463513e+02   0.00000000e+00   4.49547330e+02
   6.76942643e+02   4.49547330e+02   0.00000000e+00
   0.00000000e+00   1.79775142e+02   5.64817022e+02
   1.79775142e+02   0.00000000e+00   3.75086408e+02
   5.64817022e+02   3.75086408e+02   0.00000000e+00
   0.00000000e+00   1.25988574e+02   3.95830537e+02
   1.25988574e+02   0.00000000e+00   2.62865049e+02
   3.95830537e+02   2.62865049e+02   0.00000000e+00
   0.00000000e+00   5.64581895e+01   1.77380177e+02
   5.64581895e+01   0.00000000e+00   1.17795482e+02
   1.77380177e+02   1.17795482e+02   0.00000000e+00
   0.00000000e+00  -2.48653371e+01  -7.81218442e+01
  -2.48653371e+01   0.00000000e+00  -5.18795305e+01
  -7.81218442e+01  -5.18795305e+01   0.00000000e+00
   0.00000000e+00  -1.12895791e+02  -3.54695669e+02
  -1.12895791e+02   0.00000000e+00  -2.35548008e+02
  -3.54695669e+02  -2.35548008e+02   0.00000000e+00
   0.00000000e+00  -2.02043533e+02  -6.34779788e+02
  -2.02043533e+02   0.00000000e+00  -4.21547619e+02
  -6.34779788e+02  -4.21547619e+02   0.00000000e+00
   0.00000000e+00  -2.86894088e+02  -9.01363015e+02
  -2.86894088e+02   0.00000000e+00  -5.98581491e+02
  -9.01363015e+02  -5.98581491e+02   0.00000000e+00
   0.00000000e+00  -3.62795275e+02  -1.13982915e+03
  -3.62795275e+02   0.00000000e+00  -7.56943228e+02
  -1.13982915e+03  -7.56943228e+02   0.00000000e+00
   0.00000000e+00  -4.26237511e+02  -1.33915178e+03
  -4.26237511e+02   0.00000000e+00  -8.89310363e+02
  -1.33915178e+03  -8.89310363e+02   0.00000000e+00
   0.00000000e+00  -4.74966037e+02  -1.49224692e+03
  -4.74966037e+02   0.00000000e+00  -9.90978521e+02
  -1.49224692e+03  -9.90978521e+02   0.00000000e+00
   0.00000000e+00  -5.07835914e+02  -1.59551741e+03
  -5.07835914e+02   0.00000000e+00  -1.05955888e+03
  -1.59551741e+03  -1.05955888e+03   0.00000000e+00
   0.00000000e+00  -5.24490663e+02  -1.64784325e+03
  -5.24490663e+02   0.00000000e+00  -1.09430768e+03
  -1.64784325e+03  -1.09430768e+03   0.00000000e+00
   0.00000000e+00  -5.24992826e+02  -1.64942094e+03
  -5.24992826e+02   0.00000000e+00  -1.09535540e+03
  -1.64942094e+03  -1.09535540e+03   0.00000000e+00
   0.00000000e+00  -5.09544381e+02  -1.60088506e+03
  -5.09544381e+02   0.00000000e+00  -1.06312346e+03
  -1.60088506e+03  -1.06312346e+03   0.00000000e+00
   0.00000000e+00  -4.78401899e+02  -1.50304170e+03
  -4.78401899e+02   0.00000000e+00  -9.98147173e+02
  -1.50304170e+03  -9.98147173e+02   0.00000000e+00
   0.00000000e+00  -4.32023334e+02  -1.35732966e+03
  -4.32023334e+02   0.00000000e+00  -9.01382018e+02
  -1.35732966e+03  -9.01382018e+02   0.00000000e+00
   0.00000000e+00  -3.71399018e+02  -1.16686036e+03
  -3.71399018e+02   0.00000000e+00  -7.74894247e+02
  -1.16686036e+03  -7.74894247e+02   0.00000000e+00
   0.00000000e+00  -2.98444343e+02  -9.37651575e+02
  -2.98444343e+02   0.00000000e+00  -6.22680173e+02
  -9.37651575e+02  -6.22680173e+02   0.00000000e+00
   0.00000000e+00  -2.16290204e+02  -6.79539937e+02
  -2.16290204e+02   0.00000000e+00  -4.51272153e+02
  -6.79539937e+02  -4.51272153e+02   0.00000000e+00
   0.00000000e+00  -1.29316255e+02  -4.06285436e+02
  -1.29316255e+02   0.00000000e+00  -2.69807989e+02
  -4.06285436e+02  -2.69807989e+02   0.00000000e+00
   0.00000000e+00  -4.28337502e+01  -1.34574953e+02
  -4.28337502e+01   0.00000000e+00  -8.93691826e+01
  -1.34574953e+02  -8.93691826e+01   0.00000000e+00
   0.00000000e+00   3.75748062e+01   1.18052417e+02
   3.75748062e+01   0.00000000e+00   7.83968179e+01
   1.18052417e+02   7.83968179e+01   0.00000000e+00
   0.00000000e+00   1.06940186e+02   3.35984369e+02
   1.06940186e+02   0.00000000e+00   2.23122117e+02
   3.35984369e+02   2.23122117e+02   0.00000000e+00
   0.00000000e+00   1.61806839e+02   5.08364258e+02
   1.61806839e+02   0.00000000e+00   3.37596984e+02
   5.08364258e+02   3.37596984e+02   0.00000000e+00
   0.00000000e+00   2.00903700e+02   6.31198663e+02
   2.00903700e+02   0.00000000e+00   4.19169448e+02
   6.31198663e+02   4.19169448e+02   0.00000000e+00
   0.00000000e+00   2.25371139e+02   7.08070393e+02
   2.25371139e+02   0.00000000e+00   4.70218796e+02
   7.08070393e+02   4.70218796e+02   0.00000000e+00
   0.00000000e+00   2.38426404e+02   7.49087387e+02
   2.38426404e+02   0.00000000e+00   4.97457559e+02
   7.49087387e+02   4.97457559e+02   0.00000000e+00
   0.00000000e+00   2.44490204e+02   7.68138616e+02
   2.44490204e+02   0.00000000e+00   5.10109191e+02
   7.68138616e+02   5.10109191e+02   0.00000000e+00
   0.00000000e+00   2.47945246e+02   7.78993657e+02
   2.47945246e+02   0.00000000e+00   5.17317859e+02
   7.78993657e+02   5.17317859e+02   0.00000000e+00
   0.00000000e+00   2.51813151e+02   7.91145830e+02
   2.51813151e+02   0.00000000e+00   5.25387933e+02
   7.91145830e+02   5.25387933e+02   0.00000000e+00
   0.00000000e+00   2.56684654e+02   8.06451103e+02
   2.56684654e+02   0.00000000e+00   5.35551932e+02
   8.06451103e+02   5.35551932e+02   0.00000000e+00
   0.00000000e+00   2.60200893e+02   8.17498413e+02
   2.60200893e+02   0.00000000e+00   5.42888283e+02
   8.17498413e+02   5.42888283e+02   0.00000000e+00
   0.00000000e+00   2.57265164e+02   8.08274947e+02
   2.57265164e+02   0.00000000e+00   5.36763119e+02
   8.08274947e+02   5.36763119e+02   0.00000000e+00
   0.00000000e+00   2.40991731e+02   7.57147124e+02
   2.40991731e+02   0.00000000e+00   5.02809908e+02
   7.57147124e+02   5.02809908e+02   0.00000000e+00
   0.00000000e+00   2.04214109e+02   6.41599297e+02
   2.04214109e+02   0.00000000e+00   4.26076351e+02
   6.41599297e+02   4.26076351e+02   0.00000000e+00
   0.00000000e+00   1.41226318e+02   4.43704438e+02
   1.41226318e+02   0.00000000e+00   2.94657380e+02
   4.43704438e+02   2.94657380e+02   0.00000000e+00
   0.00000000e+00   4.93555424e+01   1.55065100e+02
   4.93555424e+01   0.00000000e+00   1.02976378e+02
   1.55065100e+02   1.02976378e+02   0.00000000e+00
   0.00000000e+00  -7.00160151e+01  -2.19976114e+02
  -7.00160151e+01   0.00000000e+00  -1.46082797e+02
  -2.19976114e+02  -1.46082797e+02   0.00000000e+00
   0.00000000e+00  -2.11249981e+02  -6.63704581e+02
  -2.11249981e+02   0.00000000e+00  -4.40756134e+02
  -6.63704581e+02  -4.40756134e+02   0.00000000e+00
   0.00000000e+00  -3.65160189e+02  -1.14725922e+03
  -3.65160189e+02   0.00000000e+00  -7.61877431e+02
  -1.14725922e+03  -7.61877431e+02   0.00000000e+00
   0.00000000e+00  -5.20511560e+02  -1.63534171e+03
  -5.20511560e+02   0.00000000e+00  -1.08600560e+03
  -1.63534171e+03  -1.08600560e+03   0.00000000e+00
   0.00000000e+00  -6.66006255e+02  -2.09245652e+03
  -6.66006255e+02   0.00000000e+00  -1.38956861e+03
  -2.09245652e+03  -1.38956861e+03   0.00000000e+00
   0.00000000e+00  -7.92338620e+02  -2.48936718e+03
  -7.92338620e+02   0.00000000e+00  -1.65315095e+03
  -2.48936718e+03  -1.65315095e+03   0.00000000e+00
   0.00000000e+00  -8.93882072e+02  -2.80839611e+03
  -8.93882072e+02   0.00000000e+00  -1.86501321e+03
  -2.80839611e+03  -1.86501321e+03   0.00000000e+00
   0.00000000e+00  -9.69651780e+02  -3.04644916e+03
  -9.69651780e+02   0.00000000e+00  -2.02310063e+03
  -3.04644916e+03  -2.02310063e+03   0.00000000e+00
   0.00000000e+00  -1.02334471e+03  -3.21514145e+03
  -1.02334471e+03   0.00000000e+00  -2.13512662e+03
  -3.21514145e+03  -2.13512662e+03   0.00000000e+00
   0.00000000e+00  -1.06245415e+03  -3.33801537e+03
  -1.06245415e+03   0.00000000e+00  -2.21672532e+03
  -3.33801537e+03  -2.21672532e+03   0.00000000e+00
   0.00000000e+00  -1.09664457e+03  -3.44543473e+03
  -1.09664457e+03   0.00000000e+00  -2.28806089e+03
  -3.44543473e+03  -2.28806089e+03   0.00000000e+00
   0.00000000e+00  -1.13571491e+03  -3.56818582e+03
  -1.13571491e+03   0.00000000e+00  -2.36957803e+03
  -3.56818582e+03  -2.36957803e+03   0.00000000e+00
   0.00000000e+00  -1.18754724e+03  -3.73103250e+03
  -1.18754724e+03   0.00000000e+00  -2.47772203e+03
  -3.73103250e+03  -2.47772203e+03   0.00000000e+00
   0.00000000e+00  -1.25642353e+03  -3.94742782e+03
  -1.25642353e+03   0.00000000e+00  -2.62142688e+03
  -3.94742782e+03  -2.62142688e+03   0.00000000e+00
   0.00000000e+00  -1.34200588e+03  -4.21631018e+03
  -1.34200588e+03   0.00000000e+00  -2.79998757e+03
  -4.21631018e+03  -2.79998757e+03   0.00000000e+00
   0.00000000e+00  -1.43913937e+03  -4.52148391e+03
  -1.43913937e+03   0.00000000e+00  -3.00264881e+03
  -4.52148391e+03  -3.00264881e+03   0.00000000e+00
   0.00000000e+00  -1.53848586e+03  -4.83361041e+03
  -1.53848586e+03   0.00000000e+00  -3.20992728e+03
  -4.83361041e+03  -3.20992728e+03   0.00000000e+00
   0.00000000e+00  -1.62786196e+03  -5.11441200e+03
  -1.62786196e+03   0.00000000e+00  -3.39640335e+03
  -5.11441200e+03  -3.39640335e+03   0.00000000e+00
   0.00000000e+00  -1.69405758e+03  -5.32238522e+03
  -1.69405758e+03   0.00000000e+00  -3.53451521e+03
  -5.32238522e+03  -3.53451521e+03   0.00000000e+00
   0.00000000e+00  -1.72485804e+03  -5.41915400e+03
  -1.72485804e+03   0.00000000e+00  -3.59877789e+03
  -5.41915400e+03  -3.59877789e+03   0.00000000e+00
   0.00000000e+00  -1.71098085e+03  -5.37555469e+03
  -1.71098085e+03   0.00000000e+00  -3.56982425e+03
  -5.37555469e+03  -3.56982425e+03   0.00000000e+00
   0.00000000e+00  -1.64765763e+03  -5.17660598e+03
  -1.64765763e+03   0.00000000e+00  -3.43770543e+03
  -5.17660598e+03  -3.43770543e+03   0.00000000e+00
   0.00000000e+00  -1.53563545e+03  -4.82465502e+03
  -1.53563545e+03   0.00000000e+00  -3.20398014e+03
  -4.82465502e+03  -3.20398014e+03   0.00000000e+00
   0.00000000e+00  -1.38143760e+03  -4.34019667e+03
  -1.38143760e+03   0.00000000e+00  -2.88225870e+03
  -4.34019667e+03  -2.88225870e+03   0.00000000e+00
   0.00000000e+00  -1.19681008e+03  -3.76013444e+03
  -1.19681008e+03   0.00000000e+00  -2.49704818e+03
  -3.76013444e+03  -2.49704818e+03   0.00000000e+00
   0.00000000e+00  -9.97385706e+02  -3.13358353e+03
  -9.97385706e+02   0.00000000e+00  -2.08096524e+03
  -3.13358353e+03  -2.08096524e+03   0.00000000e+00
   0.00000000e+00  -8.00714162e+02  -2.51568144e+03
  -8.00714162e+02   0.00000000e+00  -1.67062584e+03
  -2.51568144e+03  -1.67062584e+03   0.00000000e+00
   0.00000000e+00  -6.23918005e+02  -1.96022378e+03
  -6.23918005e+02   0.00000000e+00  -1.30175485e+03
  -1.96022378e+03  -1.30175485e+03   0.00000000e+00
   0.00000000e+00  -4.81322207e+02  -1.51221672e+03
  -4.81322207e+02   0.00000000e+00  -1.00424016e+03
  -1.51221672e+03  -1.00424016e+03   0.00000000e+00
   0.00000000e+00  -3.82445883e+02  -1.20156737e+03
  -3.82445883e+02   0.00000000e+00  -7.97942646e+02
  -1.20156737e+03  -7.97942646e+02   0.00000000e+00
   0.00000000e+00  -3.30722459e+02  -1.03906286e+03
  -3.30722459e+02   0.00000000e+00  -6.90025870e+02
  -1.03906286e+03  -6.90025870e+02   0.00000000e+00
   0.00000000e+00  -3.23218066e+02  -1.01548558e+03
  -3.23218066e+02   0.00000000e+00  -6.74368557e+02
  -1.01548558e+03  -6.74368557e+02   0.00000000e+00
   0.00000000e+00  -3.51451103e+02  -1.10418806e+03
  -3.51451103e+02   0.00000000e+00  -7.33274523e+02
  -1.10418806e+03  -7.33274523e+02   0.00000000e+00
   0.00000000e+00  -4.03200491e+02  -1.26677414e+03
  -4.03200491e+02   0.00000000e+00  -8.41245469e+02
  -1.26677414e+03  -8.41245469e+02   0.00000000e+00
   0.00000000e+00  -4.64968212e+02  -1.46083578e+03
  -4.64968212e+02   0.00000000e+00  -9.70118863e+02
  -1.46083578e+03  -9.70118863e+02   0.00000000e+00
   0.00000000e+00  -5.24587876e+02  -1.64814867e+03
  -5.24587876e+02   0.00000000e+00  -1.09451051e+03
  -1.64814867e+03  -1.09451051e+03   0.00000000e+00
   0.00000000e+00  -5.73398900e+02  -1.80150300e+03
  -5.73398900e+02   0.00000000e+00  -1.19635079e+03
  -1.80150300e+03  -1.19635079e+03   0.00000000e+00
   0.00000000e+00  -6.07469692e+02  -1.90854652e+03
  -6.07469692e+02   0.00000000e+00  -1.26743676e+03
  -1.90854652e+03  -1.26743676e+03   0.00000000e+00
   0.00000000e+00  -6.27554295e+02  -1.97164827e+03
  -6.27554295e+02   0.00000000e+00  -1.30934168e+03
  -1.97164827e+03  -1.30934168e+03   0.00000000e+00
   0.00000000e+00  -6.37768154e+02  -2.00373814e+03
  -6.37768154e+02   0.00000000e+00  -1.33065207e+03
  -2.00373814e+03  -1.33065207e+03   0.00000000e+00
   0.00000000e+00  -6.43300968e+02  -2.02112112e+03
  -6.43300968e+02   0.00000000e+00  -1.34219585e+03
  -2.02112112e+03  -1.34219585e+03   0.00000000e+00
   0.00000000e+00  -6.47762403e+02  -2.03513804e+03
  -6.47762403e+02   0.00000000e+00  -1.35150427e+03
  -2.03513804e+03  -1.35150427e+03   0.00000000e+00
   0.00000000e+00  -6.50899021e+02  -2.04499266e+03
  -6.50899021e+02   0.00000000e+00  -1.35804857e+03
  -2.04499266e+03  -1.35804857e+03   0.00000000e+00
   0.00000000e+00  -6.47375561e+02  -2.03392267e+03
  -6.47375561e+02   0.00000000e+00  -1.35069716e+03
  -2.03392267e+03  -1.35069716e+03   0.00000000e+00
   0.00000000e+00  -6.27074461e+02  -1.97014073e+03
  -6.27074461e+02   0.00000000e+00  -1.30834054e+03
  -1.97014073e+03  -1.30834054e+03   0.00000000e+00
   0.00000000e+00  -5.76982529e+02  -1.81276204e+03
  -5.76982529e+02   0.00000000e+00  -1.20382775e+03
  -1.81276204e+03  -1.20382775e+03   0.00000000e+00
   0.00000000e+00  -4.84297034e+02  -1.52156302e+03
  -4.84297034e+02   0.00000000e+00  -1.01044690e+03
  -1.52156302e+03  -1.01044690e+03   0.00000000e+00
   0.00000000e+00  -3.40011555e+02  -1.06824732e+03
  -3.40011555e+02   0.00000000e+00  -7.09406824e+02
  -1.06824732e+03  -7.09406824e+02   0.00000000e+00
   0.00000000e+00  -1.42042490e+02  -4.46268683e+02
  -1.42042490e+02   0.00000000e+00  -2.96360256e+02
  -4.46268683e+02  -2.96360256e+02   0.00000000e+00
   0.00000000e+00   1.03000555e+02   3.23606845e+02
   1.03000555e+02   0.00000000e+00   2.14902392e+02
   3.23606845e+02   2.14902392e+02   0.00000000e+00
   0.00000000e+00   3.80003316e+02   1.19389332e+03
   3.80003316e+02   0.00000000e+00   7.92846425e+02
   1.19389332e+03   7.92846425e+02   0.00000000e+00
   0.00000000e+00   6.67610223e+02   2.09749587e+03
   6.67610223e+02   0.00000000e+00   1.39291516e+03
   2.09749587e+03   1.39291516e+03   0.00000000e+00
   0.00000000e+00   9.42118550e+02   2.95994534e+03
   9.42118550e+02   0.00000000e+00   1.96565475e+03
   2.95994534e+03   1.96565475e+03   0.00000000e+00
   0.00000000e+00   1.18208174e+03   3.71386100e+03
   1.18208174e+03   0.00000000e+00   2.46631870e+03
   3.71386100e+03   2.46631870e+03   0.00000000e+00
   0.00000000e+00   1.37245025e+03   4.31196023e+03
